number of tiles 6
V =  [ 0.5 -0.5  0.   0.   0.   0. ]
--------before changes---------------------------
pij =  [[2.67218753e+11 2.67162318e+11 2.67204637e+11 2.67176420e+11
  2.67204637e+11 2.67176420e+11]
 [2.67162318e+11 2.67218753e+11 2.67176420e+11 2.67204637e+11
  2.67176420e+11 2.67204637e+11]
 [2.67204637e+11 2.67176420e+11 2.67218753e+11 2.67190527e+11
  2.67218753e+11 2.67190527e+11]
 [2.67176420e+11 2.67204637e+11 2.67190527e+11 2.67218753e+11
  2.67190527e+11 2.67218753e+11]
 [2.67204637e+11 2.67176420e+11 2.67218753e+11 2.67190527e+11
  2.67218753e+11 2.67190527e+11]
 [2.67176420e+11 2.67204637e+11 2.67190527e+11 2.67218753e+11
  2.67190527e+11 2.67218753e+11]]
V =  [ 0.5 -0.5  0.   0.   0.   0. ]
malpha =  [[1. 1. 1. 1. 1. 1.]
 [1. 1. 1. 1. 1. 1.]]
^^^^^^^^^^after changes^^^^^^^
pij =  [[ 5.64347319e+07 -5.64347319e+07  2.82170957e+07 -2.82170957e+07
   2.82170957e+07 -2.82170957e+07]
 [ 1.00000000e+00  1.00000000e+00  0.00000000e+00  0.00000000e+00
   0.00000000e+00  0.00000000e+00]
 [ 2.82170957e+07 -2.82170957e+07  2.82256734e+07 -2.82256734e+07
   2.82256734e+07 -2.82256734e+07]
 [ 0.00000000e+00  0.00000000e+00  1.00000000e+00  1.00000000e+00
   1.00000000e+00  1.00000000e+00]
 [ 0.00000000e+00  0.00000000e+00  1.00000000e+00  1.00000000e+00
   1.00000000e+00  0.00000000e+00]
 [ 0.00000000e+00  0.00000000e+00  1.00000000e+00  1.00000000e+00
   0.00000000e+00  1.00000000e+00]]
V =  [1. 0. 0. 0. 0. 0.]
q: [ 1.77140317e-08 -1.77140317e-08 -1.77086484e-08  1.77086484e-08
 -0.00000000e+00 -0.00000000e+00]
q: uf =  1.7714031653576686e-08
c = q / v 1.7714031653576686e-08
8.85418781276175e-09
