number of tiles 6
V =  [ 0.5 -0.5  0.   0.   0.   0. ]
--------before changes---------------------------
pij =  [[2.67218753e+11 2.67162318e+11 3.16417411e+11 3.16389178e+11
  3.16418259e+11 3.16390027e+11]
 [2.67162318e+11 2.67218753e+11 3.16389178e+11 3.16417411e+11
  3.16390027e+11 3.16418259e+11]
 [3.16417411e+11 3.16389178e+11 2.67218753e+12 2.66937149e+12
  2.67351771e+12 2.67070027e+12]
 [3.16389178e+11 3.16417411e+11 2.66937149e+12 2.67218753e+12
  2.67070027e+12 2.67351771e+12]
 [3.16418259e+11 3.16390027e+11 2.67351771e+12 2.67070027e+12
  2.67486239e+12 2.67204072e+12]
 [3.16390027e+11 3.16418259e+11 2.67070027e+12 2.67351771e+12
  2.67204072e+12 2.67486239e+12]]
V =  [ 0.5 -0.5  0.   0.   0.   0. ]
malpha =  [[0.       0.       0.998001 0.       1.       0.      ]
 [0.       0.       0.       0.998001 0.       1.      ]]
^^^^^^^^^^after changes^^^^^^^
pij =  [[ 5.64347319e+07 -5.64347319e+07  2.82326740e+07 -2.82326740e+07
   2.82326740e+07 -2.82326740e+07]
 [ 1.00000000e+00  1.00000000e+00  0.00000000e+00  0.00000000e+00
   0.00000000e+00  0.00000000e+00]
 [ 2.82326740e+07 -2.82326740e+07  2.81603868e+09 -2.81603868e+09
   2.81744164e+09 -2.81744164e+09]
 [ 0.00000000e+00  0.00000000e+00  1.00000000e+00  1.00000000e+00
   1.00000000e+00  1.00000000e+00]
 [ 0.00000000e+00  0.00000000e+00  9.98001000e-01  0.00000000e+00
   1.00000000e+00  0.00000000e+00]
 [ 0.00000000e+00  0.00000000e+00  0.00000000e+00  9.98001000e-01
   0.00000000e+00  1.00000000e+00]]
V =  [1. 0. 0. 0. 0. 0.]
q: [ 8.91933838e-09 -8.91933838e-09 -5.95436547e-08  5.95436547e-08
  5.94246269e-08 -5.94246269e-08]
q: uf =  8.919338382649146e-09
c = q / v 8.919338382649146e-09
8.85418781276175e-09
