44
[0 0 0 0 1 1 1 1 2 2 2 2 2 2 2 2 2 2 2 2 2 2 2 2 2 2 2 2 2 2 2 2 2 2 2 2 2
 2 2 2 2 2 2 2]
[0.05 0.05 0.05 0.05 0.05 0.05 0.05 0.05 0.05 0.05 0.05 0.05 0.05 0.05
 0.05 0.05 0.05 0.05 0.05 0.05 0.05 0.05 0.05 0.05 0.05 0.05 0.05 0.05
 0.05 0.05 0.05 0.05 0.05 0.05 0.05 0.05 0.05 0.05 0.05 0.05 0.05 0.05
 0.05 0.05]
tx
[ 0.035  0.085  0.035  0.085 -0.085 -0.035 -0.085 -0.035 -0.125 -0.075
 -0.025  0.025  0.075  0.125 -0.125 -0.075 -0.025  0.025  0.075  0.125
 -0.125 -0.075 -0.025  0.025  0.075  0.125 -0.125 -0.075 -0.025  0.025
  0.075  0.125 -0.125 -0.075 -0.025  0.025  0.075  0.125 -0.125 -0.075
 -0.025  0.025  0.075  0.125]
ty
[-0.025 -0.025  0.025  0.025 -0.025 -0.025  0.025  0.025 -0.125 -0.125
 -0.125 -0.125 -0.125 -0.125 -0.075 -0.075 -0.075 -0.075 -0.075 -0.075
 -0.025 -0.025 -0.025 -0.025 -0.025 -0.025  0.025  0.025  0.025  0.025
  0.025  0.025  0.075  0.075  0.075  0.075  0.075  0.075  0.125  0.125
  0.125  0.125  0.125  0.125]
[[0.   0.   0.   ... 0.01 0.01 0.01]
 [0.   0.   0.   ... 0.01 0.01 0.01]
 [0.   0.   0.   ... 0.01 0.01 0.01]
 ...
 [0.01 0.01 0.01 ... 0.   0.   0.  ]
 [0.01 0.01 0.01 ... 0.   0.   0.  ]
 [0.01 0.01 0.01 ... 0.   0.   0.  ]]
[[0.   0.05 0.   ... 0.01 0.04 0.09]
 [0.05 0.   0.05 ... 0.06 0.01 0.04]
 [0.   0.05 0.   ... 0.01 0.04 0.09]
 ...
 [0.01 0.06 0.01 ... 0.   0.05 0.1 ]
 [0.04 0.01 0.04 ... 0.05 0.   0.05]
 [0.09 0.04 0.09 ... 0.1  0.05 0.  ]]
[[0.   0.   0.05 ... 0.15 0.15 0.15]
 [0.   0.   0.05 ... 0.15 0.15 0.15]
 [0.05 0.05 0.   ... 0.1  0.1  0.1 ]
 ...
 [0.15 0.15 0.1  ... 0.   0.   0.  ]
 [0.15 0.15 0.1  ... 0.   0.   0.  ]
 [0.15 0.15 0.1  ... 0.   0.   0.  ]]
[[0 0 0 ... 2 2 2]
 [0 0 0 ... 2 2 2]
 [0 0 0 ... 2 2 2]
 ...
 [2 2 2 ... 0 0 0]
 [2 2 2 ... 0 0 0]
 [2 2 2 ... 0 0 0]]
%%%%%%%%%%%%
----------------
[[5.34437505e+11 1.99906284e+11 1.99906284e+11 ... 6.01988188e+10
  5.82759444e+10 5.16520443e+10]
 [1.99906284e+11 5.34437505e+11 1.34624937e+11 ... 5.59747870e+10
  6.01988188e+10 5.82759444e+10]
 [1.99906284e+11 1.34624937e+11 5.34437505e+11 ... 9.08003752e+10
  8.46286848e+10 6.74280892e+10]
 ...
 [6.01988188e+10 5.59747870e+10 9.08003752e+10 ... 5.34437505e+11
  1.99906284e+11 9.18036627e+10]
 [5.82759444e+10 6.01988188e+10 8.46286848e+10 ... 1.99906284e+11
  5.34437505e+11 1.99906284e+11]
 [5.16520443e+10 5.82759444e+10 6.74280892e+10 ... 9.18036627e+10
  1.99906284e+11 5.34437505e+11]]
(44, 44)
44
[[1.99906284e+11 5.34437505e+11 1.34624937e+11 ... 5.59747870e+10
  6.01988188e+10 5.82759444e+10]
 [1.99906284e+11 1.34624937e+11 5.34437505e+11 ... 9.08003752e+10
  8.46286848e+10 6.74280892e+10]
 [1.34624937e+11 1.99906284e+11 1.99906284e+11 ... 7.80248489e+10
  9.08003752e+10 8.46286848e+10]
 ...
 [6.01988188e+10 5.59747870e+10 9.08003752e+10 ... 5.34437505e+11
  1.99906284e+11 9.18036627e+10]
 [5.82759444e+10 6.01988188e+10 8.46286848e+10 ... 1.99906284e+11
  5.34437505e+11 1.99906284e+11]
 [5.16520443e+10 5.82759444e+10 6.74280892e+10 ... 9.18036627e+10
  1.99906284e+11 5.34437505e+11]]
pij
[[ 5.34437505e+11  1.99906284e+11  1.99906284e+11 ...  6.01988188e+10
   5.82759444e+10  5.16520443e+10]
 [ 1.99906284e+11  5.34437505e+11  1.34624937e+11 ...  5.59747870e+10
   6.01988188e+10  5.82759444e+10]
 [ 1.99906284e+11  1.34624937e+11  5.34437505e+11 ...  9.08003752e+10
   8.46286848e+10  6.74280892e+10]
 ...
 [ 1.92287434e+09 -4.22403179e+09  6.17169042e+09 ...  3.34531221e+11
  -3.34531221e+11 -1.08102621e+11]
 [ 6.62390010e+09  1.92287434e+09  1.72005956e+10 ...  1.08102621e+11
   3.34531221e+11 -3.34531221e+11]
 [ 0.00000000e+00  0.00000000e+00  0.00000000e+00 ...  1.00000000e+00
   1.00000000e+00  1.00000000e+00]]
..........
[ 1.62477252e-12  1.56011672e-12  1.62477252e-12  1.56011672e-12
 -1.56011672e-12 -1.62477252e-12 -1.56011672e-12 -1.62477252e-12
  1.03834965e-14  2.37262995e-15 -1.06463369e-15  1.06463369e-15
 -2.37262995e-15 -1.03834965e-14  4.82660933e-14  1.37138115e-13
  9.48131166e-14 -9.48131166e-14 -1.37138115e-13 -4.82660933e-14
  2.90707300e-13  1.25985692e-12  9.74424686e-13 -9.74424686e-13
 -1.25985692e-12 -2.90707300e-13  2.90707300e-13  1.25985692e-12
  9.74424686e-13 -9.74424686e-13 -1.25985692e-12 -2.90707300e-13
  4.82660933e-14  1.37138115e-13  9.48131166e-14 -9.48131166e-14
 -1.37138115e-13 -4.82660933e-14  1.03834965e-14  2.37262995e-15
 -1.06463369e-15  1.06463369e-15 -2.37262995e-15 -1.03834965e-14]
6.369778462957376e-12
-6.369778462957375e-12
&&&& 8.85418781276175e-12
[22, 23, 28, 29]
(44, 44)
(40, 40)
pij
[[ 5.34437505e+11  1.99906284e+11  1.99906284e+11 ...  6.01988188e+10
   5.82759444e+10  5.16520443e+10]
 [ 1.99906284e+11  5.34437505e+11  1.34624937e+11 ...  5.59747870e+10
   6.01988188e+10  5.82759444e+10]
 [ 1.99906284e+11  1.34624937e+11  5.34437505e+11 ...  9.08003752e+10
   8.46286848e+10  6.74280892e+10]
 ...
 [ 1.92287434e+09 -4.22403179e+09  6.17169042e+09 ...  3.34531221e+11
  -3.34531221e+11 -1.08102621e+11]
 [ 6.62390010e+09  1.92287434e+09  1.72005956e+10 ...  1.08102621e+11
   3.34531221e+11 -3.34531221e+11]
 [ 0.00000000e+00  0.00000000e+00  0.00000000e+00 ...  1.00000000e+00
   1.00000000e+00  1.00000000e+00]]
..........
[ 7.29028356e-13  7.19272021e-13  1.00957575e-12  1.30065226e-12
 -1.00981486e-12 -1.05989055e-12 -2.19049112e-12 -2.18574854e-12
 -1.34465361e-13 -8.88692108e-14 -9.33394196e-14 -6.55394693e-14
 -6.50092649e-14 -1.31844413e-13 -2.72892899e-14  8.19836786e-14
  2.47791769e-14 -4.16518296e-13 -4.62118315e-13 -4.59930323e-13
 -2.11344010e-13  5.52254529e-13  4.65434063e-13  7.88714244e-13
  1.39158003e-12  2.66597592e-12  2.27904350e-12  7.42397789e-14
 -7.50001749e-13 -6.82520862e-13 -5.56016569e-13 -7.35977513e-13
 -7.44371142e-13 -5.52706745e-13 -6.32885506e-13 -2.63301163e-13
 -2.59205715e-13 -2.59168094e-13 -2.56378536e-13 -4.75203958e-13]
3.7585283907069784e-12
-6.445945072141697e-12
